0 0 p3 11 12 11 12 11 12 11 11 7 10 9 12 7 13 6 11 11 12 11 10 10
0 1 p3 8 13 8 10 5 11 6 13 7 12 8 13 9 13 11
0 2 p8 5 13 10 11 11 11 5 12 8 11 6 12 8
1 3 p2 11 11 8 12 9 12 8 10 8 10 11 11 6 10 11 13 10 10 6 10 5 10 10
1 4 p4 7 11 11 13 11 13 10 12 8 13 6 13 8
2 5 p2 8 13 6 10 6 11 9 11 6 10 9 10 5 10 9 11 8 11 9 10 5 11 10 13 9
3 6 p9 8 12 7 11 10 12 10 12 11 10 7 10 10 11 6 10 6 10 8
3 7 p3 6 11 7 10 5 11 11 10 8 11 11 12 6 13 10 12 7
4 8 p5 8 10 5 10 10 12 5 13 11 11 7 10 5 13 8 11 5 13 9
5 9 p3 5 11 6 10 5 11 10 12 9 10 10 13 8 13 9 10 9
5 10 p5 10 11 7 12 7 11 5 13 8 10 5 10 9 10 8 12 5 13 9
6 11 p5 10 13 8 10 5 10 7 13 6 11 6 11 7 11 11 12 6 12 8 13 9 11 10
6 12 p3 6 13 5 11 6 13 5 13 11 11 8 13 7 13 10 10 6 11 5 13 10
7 13 p4 8 12 11 12 9 13 6 12 10 13 8 10 10 12 8 13 5
8 14 p5 11 12 11 11 7 10 6 10 10 12 7 11 5 12 9
9 15 p4 11 13 9 13 8 13 5 12 5 12 8 12 8 13 5 13 10 10 5 10 6 13 11
9 16 p4 5 12 6 12 10 13 6 11 10 10 8 13 11 13 8 11 8 13 9 12 11
10 17 p1 10 11 5 10 10 10 11 11 6 10 10 13 10 11 6 10 11 10 10 12 9
10 18 p4 9 13 8 12 11 10 5 12 8 12 5 12 7 11 9 13 6 12 7 11 7 10 6
11 19 p2 10 10 11 11 8 10 11 11 9 13 9 13 11 11 9
12 20 p5 7 11 9 13 9 11 10 13 6 11 9 13 10 12 11 13 7 11 11 11 9 12 7 11 5
12 21 p3 6 10 9 13 7 12 7 13 10 11 8 10 9 12 11 11 11 11 11 12 7 13 9
12 22 p4 10 11 10 13 9 13 8 10 6 13 5 12 6
13 23 p5 6 13 11 11 7 12 9 12 8 12 6 11 6 11 5 13 5 10 6 13 11
13 24 p2 9 13 8 12 7 10 10 13 11 12 7 11 5 10 6 12 11 11 9 12 11 12 11 10 10
13 25 p5 9 11 6 11 7 13 10 10 8 13 5 10 8 11 10 13 9 13 8 13 6
14 26 p3 10 11 7 10 7 12 6 11 7 13 11 12 6 13 11 10 11 13 6 13 8
14 27 p1 9 12 5 10 10 13 10 10 5 10 9 10 9 10 6
14 28 p4 11 10 10 12 7 13 10 12 5 13 10 12 8 13 6 13 10
15 29 p5 11 12 10 11 6 13 5 11 5 12 7 10 8 11 10 13 11 10 11 12 9 10 7
15 30 p2 5 10 9 13 11 10 8 13 8 10 10 11 11 11 5 11 6
15 31 p5 7 13 10 13 8 11 10 13 11 12 11 12 9 13 10 12 7
16 32 p5 11 11 5 10 7 12 8 13 8 13 6 12 8 13 9 11 7 12 8 10 8 10 11
17 33 p4 8 11 7 10 6 11 11 11 9 13 7 12 6 10 8 13 6 11 10 13 5 10 7 12 11
18 34 p4 11 13 7 13 9 10 5 11 5 13 10 11 6 13 7 12 5 12 7 10 10
18 35 p3 7 11 7 12 6 10 6 10 7 13 5 12 5 13 5
19 36 p5 5 13 10 11 9 10 11 13 11 11 6 12 8 11 8 11 10 13 6 11 11 13 6
20 37 p5 5 13 10 10 8 13 5 13 6 12 7 11 8 13 6 10 8 10 6 13 7 13 5
20 38 p4 6 12 11 10 9 13 5 12 9 12 5 11 11 13 6 10 5 10 7 10 10 10 11
20 39 p2 7 11 8 10 11 13 9 13 7 13 11 12 10 11 8 10 8
21 40 p3 8 13 10 10 8 12 10 10 11 12 7 11 6 11 6 10 7 11 7 11 10
21 41 p5 8 12 9 12 6 11 8 13 11 12 5 12 9 13 11 10 8 11 11 12 6 11 10
22 42 p5 6 13 10 12 8 11 9 13 8 13 10 11 6 12 6 10 8 13 10 12 5
22 43 p1 5 12 8 10 9 13 9 10 7 11 5 11 8
22 44 p5 8 10 7 11 7 13 7 11 5 12 8 12 7 10 11 12 9 12 10
23 45 p2 8 12 7 11 11 11 7 10 5 10 9 11 11
23 46 p2 6 12 7 10 11 10 8 10 5 10 9 13 9 13 6 10 6 10 6
24 47 p4 6 10 11 11 8 11 6 11 10 11 10 11 10 12 11
24 48 p1 9 10 11 10 9 11 6 13 10 12 5 12 7 13 5 10 6 11 11 12 6 12 7 12 8
25 49 p3 8 13 7 13 9 13 10 12 8 12 7 11 5 10 7 11 9 12 11 11 8 12 6
26 50 p5 9 10 9 12 6 11 9 12 5 13 11 11 6 13 10 11 7 10 9 10 7 12 11
27 51 p1 10 12 5 13 11 11 11 12 5 10 6 11 11 12 11 10 10
27 52 p5 11 12 8 11 11 10 6 11 9 10 5 10 8 13 6 11 9 13 11 13 6 12 5 11 6
28 53 p3 7 10 5 13 8 11 6 12 11 13 7 12 10 11 6 12 10
28 54 p5 10 11 5 12 10 13 6 13 10 10 8 11 9 10 10 12 7 12 5
29 55 p4 8 11 5 13 10 11 10 13 8 13 5 10 11 13 10
30 56 p5 11 12 7 11 10 11 10 13 8 12 11 10 7 12 5 12 9 12 8 12 10 11 10 11 7
30 57 p3 6 13 11 11 10 10 11 10 9 13 10 10 5 10 10 11 9 13 5
30 58 p5 11 13 11 13 6 10 10 10 8 12 7 13 6 10 11 12 5
31 59 p5 10 11 11 12 9 11 10 13 6 11 10 13 10 13 11
32 60 p2 6 12 10 12 8 12 8 12 9 12 10 13 6 11 10 12 8 10 8
32 61 p5 9 11 9 12 6 11 9 12 11 13 10 12 10 10 10 10 7
32 62 p4 5 11 5 11 11 13 8 13 11 13 7 12 6 10 5 10 6
33 63 p3 9 12 6 10 11 10 8 13 8 10 9 13 6 10 7
34 64 p4 11 11 11 10 10 13 8 11 9 11 6 10 11 13 8
34 65 p4 5 11 5 11 10 12 10 11 8 12 10 10 11 10 11
34 66 p1 5 10 11 12 9 13 10 13 6 11 11 11 8 13 6 10 10
35 67 p4 10 10 7 10 10 10 9 13 6 12 5 10 8 12 11
35 68 p5 8 12 11 12 11 13 5 11 7 11 8 10 5 13 7 11 10 13 6 11 8 12 11
36 69 p3 11 12 8 12 7 11 11 12 11 12 5 13 6 12 6 13 10 10 7 12 8 10 5 13 9
37 70 p5 11 12 8 10 7 10 10 11 9 12 9 10 5 12 8 10 10 12 7
37 71 p3 6 12 5 10 9 10 6 11 7 13 8 13 11 12 11 12 6 13 10 12 7 13 7 11 11
38 72 p2 6 11 9 13 5 12 8 13 6 10 6 11 10 10 5 10 5
38 73 p4 9 12 6 10 6 12 6 13 6 13 8 10 9 12 9 12 10 13 8 13 5 11 8 10 6
39 74 p3 11 12 8 11 6 11 11 13 11 10 9 13 10 12 10 13 9
40 75 p5 7 11 11 13 11 12 10 13 9 10 11 11 9 11 7
40 76 p4 11 11 11 11 11 10 11 11 11 10 10 11 5 11 5
41 77 p4 10 13 11 13 9 10 7 13 10 11 8 13 5 13 6 12 7 11 10 12 6 11 5 13 10
41 78 p4 6 12 6 12 10 12 5 10 6 10 6 10 10 13 11 12 7 12 10
42 79 p5 8 10 8 11 9 11 10 12 7 11 9 13 8
43 80 p5 10 11 5 13 8 11 9 12 10 13 7 11 10 13 9
44 81 p5 9 10 6 11 6 11 9 13 9 10 6 13 8 12 11 11 7 12 8
44 82 p4 8 11 10 13 11 10 8 10 11 13 6 11 5 10 8
44 83 p4 9 10 6 10 10 13 6 13 8 10 6 13 6
45 84 p2 7 10 7 12 10 10 9 11 7 10 9 12 9
45 85 p2 10 10 8 10 10 11 8 10 9 12 5 13 7 12 5 13 5 10 8
46 86 p2 8 11 5 13 8 10 6 10 9 11 6 10 7 10 5 10 5 10 8 13 10
46 87 p1 11 10 8 13 9 12 10 13 11 11 10 10 7 10 11 10 6
47 88 p4 5 11 9 12 6 10 9 13 9 13 8 12 10 11 8 13 9 13 9
48 89 p4 11 12 8 13 5 12 6 13 8 13 8 11 5 12 11 12 11 10 6 11 11 11 10
48 90 p3 7 10 7 12 9 10 5 13 5 11 7 13 9 12 8 10 11
48 91 p5 8 10 7 10 7 12 6 13 11 13 9 13 5 12 9 11 8 12 11 12 6 12 7
49 92 p3 9 10 9 10 11 13 9 10 6 13 5 12 5 12 8 11 5 13 8 11 6 11 8 13 9
49 93 p5 5 13 9 11 6 11 11 10 5 11 10 12 9 10 10 11 10 11 7 13 5 12 10
50 94 p2 8 12 6 10 11 10 10 10 9 13 11 13 6 12 7 11 10 12 8 10 6 12 11 13 6
50 95 p5 10 12 9 12 9 11 8 13 8 12 9 11 7 13 6 11 10
50 96 p2 9 10 6 12 10 13 7 13 9 13 11 11 6 11 5
51 97 p5 5 13 10 10 6 12 10 13 7 10 11 10 10 10 5
51 98 p5 8 11 7 12 8 10 6 13 10 12 7 11 7 12 10 11 10 11 9 12 7
51 99 p5 9 11 9 10 5 10 5 11 9 11 7 13 8