0 0 p5 10 16 12 18 11 17 9 15 11 19 10 20 9 16 10 17 11
1 1 p5 11 15 9 17 11 16 9 19 9 17 10
1 2 p5 12 16 11 19 12 16 9 18 10 16 10 15 10 19 10 19 9
1 3 p2 11 19 11 15 12 16 12 17 11 18 9 15 12 19 11 15 10 18 10 15 10
2 4 p3 11 17 12 16 10 18 10 18 12 15 10 18 9 19 9
3 5 p3 10 17 11 20 12 16 12 17 11 18 12 17 12 16 9 19 12 20 12
3 6 p2 9 18 9 19 11 16 11 18 11 16 10 20 9
3 7 p4 12 18 10 20 10 16 10 17 12 16 11 18 9 16 10 19 10 17 9 17 12
4 8 p2 9 20 11 16 12 16 11 17 10 17 10
4 9 p5 11 19 10 18 10 18 11 20 11 20 11 15 12 18 12 16 11 19 9 17 9
4 10 p2 10 17 11 20 10 19 11 18 9 19 12
5 11 p4 12 16 12 16 10 19 11 15 12 16 9 17 9 20 11
6 12 p4 10 19 9 15 11 18 12 18 12 18 11 20 11 20 10 18 10 16 9 18 11
6 13 p4 11 15 10 15 11 18 9 17 12 17 12 15 9
7 14 p2 9 20 10 19 11 15 9 20 9 19 9 18 11 18 11 19 11
7 15 p1 9 19 11 18 11 18 9 20 12 17 10 18 12 16 12 16 12 17 10
8 16 p2 12 20 10 16 11 20 11 20 12 18 11 20 11 20 11 19 10
9 17 p1 11 19 12 18 9 19 10 15 10 20 10 17 11 20 12 20 12
9 18 p5 12 19 9 20 9 16 9 15 10 17 9 17 11 18 9 16 9 16 10 20 11
10 19 p1 12 19 9 16 9 19 11 18 9 18 11
10 20 p3 11 20 10 15 12 18 12 18 12 17 12 15 11
11 21 p3 10 19 9 16 11 17 10 17 11 19 9
11 22 p2 12 20 12 18 12 16 9 18 10 19 12 16 12
12 23 p4 10 16 10 18 11 17 11 17 11 17 9 20 10 18 10 18 9
13 24 p4 9 19 10 19 9 18 12 16 12 19 9 17 9
13 25 p2 9 19 9 16 9 18 11 15 12 16 12 20 12 15 10 18 12 15 9 15 10
13 26 p3 12 18 12 19 10 16 10 17 12 19 11 20 9 18 10 19 9 18 9 16 12
14 27 p4 10 19 9 15 10 16 10 20 12 17 11 18 10 16 10 18 11 20 9 19 12
15 28 p2 10 18 11 16 12 17 11 18 9 17 11 16 10 16 9 18 10 19 11 19 11
16 29 p1 9 17 12 18 9 15 10 16 9 15 11 16 9 18 10 15 12 17 10
17 30 p1 10 17 10 18 9 18 11 15 10 18 11 16 10 16 9 20 12
18 31 p5 10 19 11 15 12 19 12 17 12 19 9 19 10 17 12 19 9
18 32 p4 10 18 10 15 9 19 11 20 9 18 9 15 9 17 11 19 11 19 11 20 11
19 33 p5 10 16 10 18 10 20 9 19 11 19 10 18 9
20 34 p3 10 17 9 15 12 16 9 16 11 20 11 16 11 16 11 15 11 15 12
20 35 p2 9 18 10 15 12 20 11 17 12 20 10 20 9 16 11 18 9 15 10
20 36 p5 9 17 12 15 10 20 11 15 11 16 11 18 9 20 12 20 10 16 12 16 12
21 37 p1 10 17 11 20 12 15 12 16 9 16 9 20 11 19 11
21 38 p1 9 20 9 19 11 15 12 16 10 15 12 20 9 16 9 15 10 18 12
21 39 p5 9 15 10 17 11 15 11 18 10 15 9 18 12
22 40 p2 12 18 9 15 10 16 10 15 9 20 9 16 11 19 10
22 41 p3 12 19 11 19 10 16 10 19 10 19 10 16 9 19 9 18 12
22 42 p1 11 16 12 18 12 15 12 19 11 15 12 18 12 20 9 19 10
23 43 p5 12 20 11 20 12 18 12 15 9 18 9 17 10 17 11
24 44 p5 10 15 9 19 12 18 9 20 11 15 11 17 12 20 11 15 10 19 12
24 45 p3 12 19 12 18 12 15 11 16 11 17 11 20 10 18 10
25 46 p4 10 19 11 20 12 19 12 19 10 15 12 18 10 18 10 15 9
26 47 p3 12 15 10 16 11 16 9 19 9 16 9 19 9
27 48 p3 9 15 11 17 9 16 12 16 12 17 10 15 11 16 10
28 49 p3 10 17 10 16 9 15 11 17 9 15 11 17 12 17 9
28 50 p3 12 15 11 20 12 16 10 20 9 19 10 15 9 18 10 20 12 16 9
28 51 p2 9 17 10 18 11 19 10 18 9 20 12 19 9 19 9 15 9 20 11
29 52 p3 11 15 12 16 9 18 11 16 9 16 9 16 9
30 53 p5 10 20 10 17 9 17 11 16 11 18 9 16 10
30 54 p5 12 15 12 15 10 20 10 16 10 18 12 17 11
30 55 p4 11 15 12 16 11 17 9 20 9 20 12 18 10 19 12 15 10
31 56 p1 9 16 9 20 10 15 12 15 9 19 9 16 11 16 12 16 9 20 12
32 57 p4 12 20 9 18 10 20 10 15 12 16 11
32 58 p4 9 19 12 17 12 18 11 16 9 18 11 15 12
33 59 p4 9 20 10 20 12 15 10 18 10 16 12
33 60 p3 11 15 9 20 10 20 10 19 9 18 9 18 11 18 10 15 11
33 61 p5 10 18 9 18 10 18 10 19 11 18 11 18 10 18 10
34 62 p1 11 17 9 20 11 15 12 19 9 19 11 16 11 15 12 18 10
34 63 p2 11 15 9 20 11 15 10 20 11 16 9
34 64 p5 12 19 9 17 12 20 12 19 9 16 11 15 9 18 9
35 65 p2 12 20 11 15 9 15 12 16 9 18 10 17 11 20 10
35 66 p5 11 15 9 19 12 15 12 16 11 18 10 19 10 17 10 17 12 20 12
36 67 p2 12 17 10 15 12 19 10 16 10 20 9
36 68 p1 10 19 10 16 12 18 10 16 12 16 10 18 11 20 9 19 9
36 69 p3 10 17 9 20 10 20 12 17 10 20 10 15 12 16 10 15 11
37 70 p1 11 19 9 15 12 17 10 19 9 16 11 17 9
38 71 p4 12 19 12 16 12 20 9 18 12 20 12
38 72 p1 12 20 11 15 10 18 12 19 10 15 12
38 73 p2 10 18 9 19 10 15 10 15 10 16 10 18 11 20 10
39 74 p3 9 17 12 17 11 20 10 20 12 17 11 20 11
39 75 p3 12 16 10 15 9 20 9 15 11 18 9 17 10 15 10 19 9
39 76 p2 11 18 12 18 10 18 12 15 10 19 10 17 12
40 77 p3 11 15 10 16 9 17 12 20 11 17 9 19 10 18 10 19 10 15 11
40 78 p5 11 17 12 17 9 20 9 15 9 20 11
41 79 p2 11 16 9 18 9 17 12 16 10 17 10 19 11 18 11 20 9
41 80 p5 11 18 11 15 12 18 9 18 12 18 9 15 11 18 10
41 81 p5 12 15 9 15 10 17 10 17 11 20 11 20 11 18 9 20 9 19 9 20 11
42 82 p4 10 18 12 18 10 16 12 16 11 19 11
42 83 p1 9 16 10 19 10 19 10 15 9 19 10
43 84 p1 11 17 11 19 9 15 11 16 11 18 12 19 10 17 11 15 10 15 11
43 85 p3 9 16 12 16 10 15 11 15 9 19 12 17 9 20 11
43 86 p4 10 15 12 16 9 16 10 17 11 15 12 19 9 20 9 15 12 19 11 19 12
44 87 p4 11 15 9 17 10 17 11 17 12 16 11 18 9 17 10 17 10 15 11
44 88 p1 12 15 9 15 10 16 11 15 9 18 10 20 9 15 12
45 89 p2 10 19 12 16 11 20 11 18 11 19 10 17 9 19 9 16 11 17 11
45 90 p2 11 16 12 17 12 17 11 18 11 16 9
45 91 p4 9 19 11 20 11 17 9 18 9 20 9
46 92 p5 10 16 11 20 11 19 9 16 10 15 11 17 11 20 12 17 11 16 11
47 93 p3 9 15 9 20 10 18 9 18 11 20 12 19 12
48 94 p1 10 18 10 20 10 17 10 17 11 17 10 15 12
48 95 p1 11 15 10 17 11 17 11 15 10 18 9 17 10
49 96 p4 10 16 9 19 12 18 11 20 12 16 11 20 11 19 12
50 97 p1 9 15 10 17 9 15 10 20 11 20 12
50 98 p4 10 20 9 17 9 16 11 16 10 16 11 18 12
51 99 p1 12 20 9 16 11 16 9 19 11 20 11 20 10 17 12 18 9 15 11
