0 0 p2 4 2 5 1 5
0 1 p1 4 1 3 3 3 2 5 1 5 3 3 3 4
0 2 p3 5 3 3 2 3 3 4 2 4 1 3 3 3
1 3 p2 5 3 3 1 5 3 4 2 4 1 3 1 5
2 4 p2 5 2 3 3 5 2 5
3 5 p2 4 2 3 2 4 3 3 1 5
3 6 p5 4 3 3 3 3 2 5 1 3
3 7 p4 4 1 3 2 3 2 3 3 4
4 8 p2 5 2 5 2 3 2 5 3 3 3 3
5 9 p1 4 3 3 1 4 3 5 3 4 2 5 1 3
10 10 p2 4 2 5 1 5
10 11 p1 4 1 3 3 3 2 5 1 5 3 3 3 4
10 12 p3 5 3 3 2 3 3 4 2 4 1 3 3 3
11 13 p2 5 3 3 1 5 3 4 2 4 1 3 1 5
12 14 p2 5 2 3 3 5 2 5
13 15 p2 4 2 3 2 4 3 3 1 5
13 16 p5 4 3 3 3 3 2 5 1 3
13 17 p4 4 1 3 2 3 2 3 3 4
14 18 p2 5 2 5 2 3 2 5 3 3 3 3
15 19 p1 4 3 3 1 4 3 5 3 4 2 5 1 3
20 20 p2 4 2 5 1 5
20 21 p1 4 1 3 3 3 2 5 1 5 3 3 3 4
20 22 p3 5 3 3 2 3 3 4 2 4 1 3 3 3
21 23 p2 5 3 3 1 5 3 4 2 4 1 3 1 5
22 24 p2 5 2 3 3 5 2 5
23 25 p2 4 2 3 2 4 3 3 1 5
23 26 p5 4 3 3 3 3 2 5 1 3
23 27 p4 4 1 3 2 3 2 3 3 4
24 28 p2 5 2 5 2 3 2 5 3 3 3 3
25 29 p1 4 3 3 1 4 3 5 3 4 2 5 1 3
40 30 p2 4 2 5 1 5
40 31 p1 4 1 3 3 3 2 5 1 5 3 3 3 4
40 32 p3 5 3 3 2 3 3 4 2 4 1 3 3 3
41 33 p2 5 3 3 1 5 3 4 2 4 1 3 1 5
42 34 p2 5 2 3 3 5 2 5
43 35 p2 4 2 3 2 4 3 3 1 5
43 36 p5 4 3 3 3 3 2 5 1 3
43 37 p4 4 1 3 2 3 2 3 3 4
44 38 p2 5 2 5 2 3 2 5 3 3 3 3
45 39 p1 4 3 3 1 4 3 5 3 4 2 5 1 3