0 0 p5 8 5 13 8 9 8 8 8 12 7 12 1 9
1 1 p4 9 4 12 5 11 4 9 7 12 10 11
2 2 p2 12 7 8 9 10 1 10 5 12 4 11 6 12
3 3 p1 12 8 8 2 10 5 9 2 9
3 4 p3 10 8 13 7 12 9 10 8 9 2 10
3 5 p5 10 2 11 8 10 3 8 5 11
4 6 p1 12 4 13 7 11 1 8 5 9 3 13
4 7 p4 8 7 10 10 11 5 13 2 9
4 8 p4 12 6 12 8 9 4 12 6 11
5 9 p2 10 8 8 4 8 7 10 9 13 6 8
5 10 p5 13 7 13 7 8 3 13 7 13 2 13
6 11 p5 9 1 11 2 12 9 12 9 10
6 12 p5 11 8 11 3 13 6 13 6 9 4 8
6 13 p2 12 8 11 1 8 1 13 9 12 4 11 6 9
7 14 p2 10 7 11 1 11 9 11 4 10
7 15 p5 11 9 9 6 12 1 11 8 8
7 16 p1 10 4 12 2 12 1 10 6 10 8 12 4 8
8 17 p3 9 8 13 1 12 2 9 3 11
9 18 p3 12 5 8 10 11 1 12 9 9 1 9 8 13
9 19 p5 10 3 12 6 12 5 11 3 8
10 20 p5 10 8 10 10 11 9 12 2 13
11 21 p3 8 3 12 4 11 4 9 3 10 3 10 8 8
11 22 p4 9 9 11 6 12 2 9 1 10 10 13 10 12
11 23 p4 13 2 11 7 10 2 13 8 11 9 8 2 13
12 24 p5 12 10 8 4 10 9 10 10 11 2 9 2 13
12 25 p4 10 5 8 8 10 2 10 4 10
13 26 p5 10 1 11 7 9 6 12 4 12
13 27 p4 13 10 13 2 8 10 8 1 9 9 9 4 9
13 28 p4 9 9 13 8 12 2 10 8 9 8 12 3 8
14 29 p5 9 1 10 9 10 8 10 5 13 1 13
15 30 p3 12 1 11 8 11 1 13 5 12 7 9
15 31 p2 11 2 12 1 8 1 13 3 11 10 11 2 12
15 32 p1 12 10 11 3 10 7 12 8 11 2 9 6 8
16 33 p2 10 7 8 7 8 5 13 2 11 9 10 9 11
16 34 p3 12 2 11 10 8 4 8 6 9
16 35 p5 12 3 11 7 10 1 9 7 13 4 9 8 8
17 36 p5 10 1 9 10 9 1 13 2 11 6 9
17 37 p3 13 8 12 5 12 4 8 6 10 5 11 5 11
17 38 p4 12 1 13 10 8 5 9 5 11 8 13
18 39 p5 9 7 10 8 8 8 13 9 12 10 13
18 40 p3 9 6 11 7 10 1 9 6 10 9 10 10 13
18 41 p4 10 10 12 3 11 3 9 6 9 9 10
19 42 p5 9 1 11 9 12 7 12 6 12
20 43 p5 8 4 10 7 8 3 13 8 8 7 12
20 44 p4 8 8 13 7 8 5 12 5 10 4 13
21 45 p5 13 7 13 7 11 4 9 1 11
21 46 p5 10 4 8 5 10 9 9 2 12 4 13 3 12
21 47 p2 10 9 11 6 12 7 12 10 12 8 11
22 48 p3 12 1 11 5 10 10 11 7 10 5 13
23 49 p4 13 9 10 2 12 5 9 4 8 3 11
23 50 p5 8 10 9 10 13 5 8 5 11 10 11 4 9
23 51 p4 11 1 8 6 13 3 10 3 10 1 9
24 52 p4 8 10 9 10 10 2 13 10 10 6 9 3 8
24 53 p5 12 10 12 5 9 9 13 7 11
24 54 p3 12 9 10 7 12 10 11 7 12 6 10
25 55 p4 10 2 11 7 12 1 13 7 13 4 11 7 13
25 56 p2 8 8 12 6 13 9 8 8 9
26 57 p5 8 8 12 8 10 1 12 1 11 10 12
27 58 p3 8 9 13 8 10 2 13 1 9
28 59 p3 9 6 13 6 11 7 12 5 12 2 10 3 12
29 60 p5 12 8 9 4 12 4 9 2 11 1 13 2 11
29 61 p5 9 1 9 6 11 10 8 4 8
30 62 p5 9 6 12 8 12 4 8 1 8
31 63 p5 12 8 11 7 8 6 12 8 11
31 64 p5 10 2 8 5 10 2 13 6 13
31 65 p4 8 7 12 9 10 5 8 4 9 9 10 4 12
32 66 p1 12 9 9 4 9 6 10 6 12
32 67 p2 10 1 11 2 8 4 13 1 13 1 8
33 68 p3 8 10 10 3 10 1 11 5 9
34 69 p5 9 6 11 6 10 1 8 1 11 5 13
34 70 p5 8 10 12 6 13 8 11 10 8 9 10
35 71 p3 13 4 8 5 13 7 12 10 10 7 9 5 10
35 72 p5 8 5 10 7 10 8 10 3 12 10 8 7 8
35 73 p2 13 10 11 8 12 8 12 3 12 9 9 6 8
36 74 p5 8 3 12 10 12 4 11 9 12 3 12 9 12
36 75 p2 12 10 10 5 12 8 10 5 10 10 9 2 12
36 76 p4 11 1 11 2 12 6 11 7 11 4 11
37 77 p4 10 5 11 2 8 4 10 3 11 9 12 8 10
37 78 p4 8 6 8 10 9 8 12 5 12
37 79 p5 9 3 12 9 10 4 9 8 12 1 9 3 10
38 80 p5 11 4 12 4 12 6 8 4 12
38 81 p4 10 3 11 7 13 1 11 9 8
39 82 p4 8 8 12 7 10 9 11 2 9 5 11 5 11
40 83 p3 12 5 9 4 12 10 8 8 11 7 9
41 84 p5 9 10 9 3 12 1 9 10 9 7 8
42 85 p4 9 5 13 10 12 4 8 10 8 7 10 8 9
42 86 p3 10 6 9 7 10 7 8 6 11 6 10
43 87 p2 8 1 13 4 12 6 13 8 11 2 12
43 88 p2 12 2 8 10 10 9 12 1 10
44 89 p4 12 9 8 2 11 2 13 6 9 3 9 3 11
45 90 p3 9 7 13 10 13 7 13 7 9 2 12
46 91 p1 11 2 9 4 8 7 8 9 11 10 10 4 9
46 92 p5 13 1 11 4 8 1 9 6 12
46 93 p2 9 1 9 2 13 2 8 5 12 6 9 7 12
47 94 p4 8 5 11 4 8 1 9 9 12 1 13 7 11
47 95 p3 12 10 8 5 9 10 11 4 10
48 96 p5 11 1 10 3 11 7 9 4 11 3 10
48 97 p1 9 9 10 10 10 8 8 5 11 10 13
48 98 p2 9 6 9 4 11 4 8 10 13 7 8
49 99 p4 12 4 12 7 8 2 10 6 9 8 8 9 8
