0 0 p5 8 5 13 8 9 8 8 8 12 7 12 1 9
1 1 p4 9 4 12 5 11 4 9 7 12 10 11
2 2 p2 12 7 8 9 10 1 10 5 12 4 11 6 12
3 3 p1 12 8 8 2 10 5 9 2 9
3 4 p3 10 8 13 7 12 9 10 8 9 2 10
3 5 p5 10 2 11 8 10 3 8 5 11
4 6 p1 12 4 13 7 11 1 8 5 9 3 13
4 7 p4 8 7 10 10 11 5 13 2 9
4 8 p4 12 6 12 8 9 4 12 6 11
5 9 p2 10 8 8 4 8 7 10 9 13 6 8
5 10 p5 13 7 13 7 8 3 13 7 13 2 13
6 11 p5 9 1 11 2 12 9 12 9 10
6 12 p5 11 8 11 3 13 6 13 6 9 4 8
6 13 p2 12 8 11 1 8 1 13 9 12 4 11 6 9
7 14 p2 10 7 11 1 11 9 11 4 10
7 15 p5 11 9 9 6 12 1 11 8 8
7 16 p1 10 4 12 2 12 1 10 6 10 8 12 4 8
8 17 p3 9 8 13 1 12 2 9 3 11
9 18 p3 12 5 8 10 11 1 12 9 9 1 9 8 13
9 19 p5 10 3 12 6 12 5 11 3 8
10 20 p5 10 8 10 10 11 9 12 2 13
11 21 p3 8 3 12 4 11 4 9 3 10 3 10 8 8
11 22 p4 9 9 11 6 12 2 9 1 10 10 13 10 12
11 23 p4 13 2 11 7 10 2 13 8 11 9 8 2 13
12 24 p5 12 10 8 4 10 9 10 10 11 2 9 2 13
12 25 p4 10 5 8 8 10 2 10 4 10
13 26 p5 10 1 11 7 9 6 12 4 12
13 27 p4 13 10 13 2 8 10 8 1 9 9 9 4 9
13 28 p4 9 9 13 8 12 2 10 8 9 8 12 3 8
14 29 p5 9 1 10 9 10 8 10 5 13 1 13
15 30 p3 12 1 11 8 11 1 13 5 12 7 9
15 31 p2 11 2 12 1 8 1 13 3 11 10 11 2 12
15 32 p1 12 10 11 3 10 7 12 8 11 2 9 6 8
16 33 p2 10 7 8 7 8 5 13 2 11 9 10 9 11
16 34 p3 12 2 11 10 8 4 8 6 9
16 35 p5 12 3 11 7 10 1 9 7 13 4 9 8 8
17 36 p5 10 1 9 10 9 1 13 2 11 6 9
17 37 p3 13 8 12 5 12 4 8 6 10 5 11 5 11
17 38 p4 12 1 13 10 8 5 9 5 11 8 13
18 39 p5 9 7 10 8 8 8 13 9 12 10 13
18 40 p3 9 6 11 7 10 1 9 6 10 9 10 10 13
18 41 p4 10 10 12 3 11 3 9 6 9 9 10
19 42 p5 9 1 11 9 12 7 12 6 12
20 43 p5 8 4 10 7 8 3 13 8 8 7 12
20 44 p4 8 8 13 7 8 5 12 5 10 4 13
21 45 p5 13 7 13 7 11 4 9 1 11
21 46 p5 10 4 8 5 10 9 9 2 12 4 13 3 12
21 47 p2 10 9 11 6 12 7 12 10 12 8 11
22 48 p3 12 1 11 5 10 10 11 7 10 5 13
