0 0 p5 12 18 11 15 8 15 9 17 11 16 12
0 1 p5 9 16 13 17 8 15 12 18 7 17 12 15 8
0 2 p8 7 15 11 15 11 17 7 17 8 16 9 18 14
1 3 p2 13 15 7 18 13 15 8 15 11
1 4 p5 8 17 13 16 7 15 9 17 10
2 5 p2 11 16 9 17 7 18 9 15 8 17 14 17 14
2 6 p9 8 18 13 16 14 18 12 16 9 17 8 16 14
3 7 p4 14 17 11 15 13 16 10 18 11 17 8
3 8 p1 12 17 7 16 11 15 8 18 7 18 10
4 9 p4 8 15 7 17 13 15 10 18 7 17 13
4 10 p5 8 18 7 17 7 15 12 15 8 17 10 17 14
4 11 p1 10 17 7 17 7 16 13 17 9
5 12 p5 8 18 12 17 14 17 12 18 14
5 13 p2 13 16 13 18 13 16 9 17 7 18 12 18 8
6 14 p3 11 18 10 17 11 15 7 15 10 18 13 15 13
6 15 p5 11 18 12 18 10 16 7 17 12 17 13 15 9
6 16 p4 9 16 12 18 13 16 11 17 11 17 8
7 17 p1 8 17 9 16 12 15 11 17 7 15 9 17 10
7 18 p5 14 18 10 16 9 18 13 15 14
7 19 p5 12 18 10 16 13 15 7 15 7 17 14 18 9
8 20 p3 9 17 14 16 13 16 9 17 11
8 21 p2 13 15 8 18 13 15 9 15 10
9 22 p5 8 18 14 17 12 15 14 15 14 18 9
10 23 p4 12 17 13 18 13 15 7 15 14 15 11 17 9
10 24 p4 12 16 7 16 10 15 9 17 12
10 25 p5 12 15 8 17 9 15 12 15 11 18 10
11 26 p1 12 16 7 17 11 15 12 18 7 18 13 15 7
11 27 p5 13 15 11 16 9 15 12 16 12 15 10 16 7
11 28 p2 10 18 7 15 8 15 7 15 12 16 11
12 29 p2 10 17 10 16 14 18 10 18 11
13 30 p4 8 16 10 17 12 17 14 16 9
13 31 p4 12 16 8 16 10 17 9 17 8 18 8
14 32 p3 13 16 11 16 14 15 13 16 13 15 9 15 11
14 33 p4 14 18 8 16 8 17 9 16 12 18 9
15 34 p3 14 18 7 17 12 16 14 17 8
15 35 p3 7 18 10 17 12 17 10 16 13
16 36 p2 13 18 7 18 8 18 11 18 10 16 14 17 8
17 37 p5 10 18 9 15 10 15 9 15 14 17 14
17 38 p4 8 16 11 18 9 16 8 15 12 15 13
18 39 p2 10 16 9 15 12 18 14 18 7 15 11 16 13
19 40 p4 10 18 11 18 13 15 13 18 13 16 13 17 13
19 41 p3 13 17 14 16 12 16 9 16 9 18 11
19 42 p5 8 17 14 17 9 18 7 16 8
20 43 p5 9 17 9 16 11 18 10 17 9 17 13 16 13
20 44 p5 10 17 13 18 7 18 13 15 7
20 45 p5 10 15 13 17 8 17 7 18 10 16 8
21 46 p2 8 18 13 15 14 18 14 15 10
22 47 p3 7 17 8 16 10 17 9 18 10
22 48 p4 14 15 14 18 8 16 11 17 12 18 8
23 49 p4 14 17 7 18 14 17 14 16 9 15 10